x1 = 2.0
x2 = -0.9999999999999998
x3 = 0.9999999999999998
